seoul 160299 205421 371306 8.39 2295
busan 108334 221315 334396 23.65 4501
daegu 30115 134114 169734 19.49 2421
incheon 84586 105684 196486 16.09 3160
gwangju 68139 13746 89324 19.99 1536
daejeon 45058 48657 93715 15.45 973
ulsan 31324 54731 86055 17.73 1157
sejong 9513 11977 21490 14.48 201
gyeonggi 624600 671829 1324449 23.00 14058
gangwon 60699 79800 140499 18.58 3016
chungbuk 88000 131802 219802 32.44 4773
chungnam 82484 103367 185851 21.53 7577
jeonbuk 189944 40344 230288 32.23 10049
jeonnam 246982 54873 319937 36.42 16607
gyeongbuk 56202 222771 278973 24.34 11806
gyeongnam 96763 238578 353641 24.28 9995
jeju 86244 64203 159362 53.94 2555
