seoul 종로 28423 23692 54062 598 17707 25480 45304 665
seoul 중 21955 19718 43076 346 16289 23188 41108 468
seoul 용산 35421 39370 77373 606 24642 45677 73309 780
seoul 성동 46506 46083 95637 784 37905 57797 99601 1218
seoul 광진 61587 50187 115939 1052 48335 63546 116979 1501
seoul 동대문 56406 47246 107375 986 51765 65644 122262 1483
seoul 중랑 70321 52192 126781 935 60060 66009 131642 1504
seoul 성북 80806 61607 147772 1208 61896 73437 141587 1620
seoul 강북 57171 39234 99758 781 46162 47306 97719 1190
seoul 도봉 55745 41896 100719 693 50801 57884 113436 1188
seoul 노원 87723 69108 162257 1320 81552 94232 183616 2104
seoul 은평 90052 64326 160149 1354 71458 76340 154871 1597
seoul 서대문 55669 44249 103802 832 45033 54675 104550 1276
seoul 마포 64879 54327 124343 1094 53037 70000 129211 1570
seoul 양천 76115 65562 146108 1035 62471 84218 152632 1604
seoul 강서 101187 77658 185092 1521 88813 103852 201284 2350
seoul 구로 70207 52341 126835 1020 62820 74788 143560 1505
seoul 금천 41590 29077 73280 562 38618 40150 82254 939
seoul 영등포 63486 57743 125567 1010 52957 77103 135512 1492
seoul 동작 71939 63900 140656 1227 50975 71833 128052 1575
seoul 관악 95615 69756 172462 1741 73669 82188 163932 2638
seoul 서초 49543 76331 129027 1035 39143 103141 146531 1285
seoul 강남 58803 97148 159689 1203 48062 138749 192334 1552
seoul 송파 100510 112982 219528 1576 79980 142184 229982 2450
seoul 강동 75850 70547 151025 1051 63322 90046 159559 1568
busan 중 5762 7933 14159 124 4167 8220 12967 158
busan 서 14430 19649 35213 297 10724 21821 33899 377
busan 동 12419 17549 30963 247 9139 17532 27787 329
busan 영도 16768 19083 36930 279 12797 19975 34116 371
busan 부산진 46809 57921 108252 932 42424 75364 122912 1378
busan 동래 33781 44990 81299 644 31480 61525 96875 950
busan 남 34094 44104 80665 666 30267 57645 91291 935
busan 북 35227 42456 80338 621 39423 63120 107019 1147
busan 해운대 48289 68387 120011 868 44342 88405 137556 1181
busan 기장 18598 21806 41685 318 24357 36691 63620 525
busan 사하 38835 45460 87187 763 39497 63523 107502 1148
busan 금정 30580 42418 75459 640 24192 50865 78205 902
busan 강서 16929 18305 36362 248 19087 26584 47539 339
busan 연제 26172 33974 62078 452 25299 47915 76086 735
busan 수영 23398 32592 57735 437 18403 38568 59255 590
busan 사상 26453 31944 60442 487 27754 43748 74771 958
daegu 중 6239 17893 24830 226 4674 20395 25988 281
daegu 동 26365 74724 104150 831 25805 96280 126671 1340
daegu 서 10175 41405 53061 441 9341 48215 59621 781
daegu 남 10471 32395 44183 385 9294 41470 52725 669
daegu 북 31614 90533 125924 1046 34855 125328 166208 1654
daegu 수성 32001 97776 133115 900 27378 118255 150259 1263
daegu 달서 35353 109391 149244 1177 42598 165764 215964 2277
daegu 달성 16547 44163 62761 458 22335 75901 102102 977
incheon 중 22174 18997 42618 360 21768 22808 46673 474
incheon 동 10352 9467 20584 125 8843 10194 19995 214
incheon 미추홀 58900 53774 116907 859 60387 67348 134087 1494
incheon 연수 55810 54589 113868 808 55636 73179 134247 1181
incheon 남동 79176 64210 148613 1084 83300 86667 178094 1862
incheon 부평 77565 59719 142389 1026 81715 81353 170850 1759
incheon 계양 48639 35214 86931 631 51893 48424 105226 1076
incheon 서 85283 66646 157370 1075 89625 87907 185930 1709
incheon 강화 10298 15315 26436 265 6738 13952 21573 199
incheon 옹진 3435 5259 9130 137 1783 3538 5533 112
gwangju 동 39752 6512 47224 293 20917 4524 26139 221
gwangju 서 104294 14670 121459 640 66063 11592 79819 715
gwangju 남 78545 11142 91515 538 46027 8785 56307 494
gwangju 북 155598 20590 180093 1022 94378 15831 113567 976
gwangju 광산 125891 16046 145419 953 98593 14819 117059 1039
daejeon 동 35565 31743 69926 577 29990 38326 71507 794
daejeon 중 35143 33738 71387 482 31555 43721 78527 804
daejeon 서 73210 66346 144853 1195 66667 83685 157160 1665
daejeon 유성 59164 50460 113593 1008 49537 60882 115223 1203
daejeon 대덕 27562 23345 52971 448 26557 31814 61254 731
ulsan 중 27939 35809 66433 507 26136 45590 75436 795
ulsan 남 38408 52271 94069 838 39375 69033 113532 1150
ulsan 동 21751 20456 44444 393 22755 26609 52972 682
ulsan 북 30237 25863 59047 480 34455 38734 78003 789
ulsan 울주 29334 37232 69311 660 26744 44724 75143 777
sejong 세종 71143 52609 128173 979 48206 48882 101718 962
gyeonggi 수원장안 42822 34583 79985 678 49020 48887 102088 1131
gyeonggi 수원권선 55254 40926 99298 830 65774 62228 133452 1475
gyeonggi 수원팔달 29340 24029 55240 407 28684 32022 63307 673
gyeonggi 수원영통 54008 46887 104165 875 60410 67365 132726 1388
gyeonggi 성남수정 46635 33085 81870 550 39589 35721 77840 746
gyeonggi 성남중원 41778 25840 69546 439 39079 30232 71699 684
gyeonggi 성남분당 71482 74185 149095 1032 69484 108909 183790 1517
gyeonggi 의정부 71607 51683 127225 872 83244 75665 165403 1529
gyeonggi 안양만안 43792 33096 79238 537 38858 40051 82132 905
gyeonggi 안양동안 54496 44945 102360 677 50725 57607 112554 1038
gyeonggi 부천 140998 96278 244892 1734 144229 128053 283584 2785
gyeonggi 광명 52064 37081 91650 593 51406 50031 105408 1018
gyeonggi 평택 74324 63369 142701 1184 91708 93261 193104 1779
gyeonggi 양주 35571 27400 65121 548 39665 36400 79213 680
gyeonggi 동두천 14827 12276 28049 225 13668 14158 28983 275
gyeonggi 안산상록 54906 35595 93487 691 66582 55059 126708 1368
gyeonggi 안산단원 46061 31745 80323 566 57534 48860 110852 1207
gyeonggi 고양덕양 83895 59942 149296 998 83142 79972 171293 1446
gyeonggi 고양일산동 47284 36868 86815 604 49706 54981 108708 877
gyeonggi 고양일산서 47668 35190 85284 593 51929 54487 110573 861
gyeonggi 과천 12197 14636 27590 233 8875 16298 26115 256
gyeonggi 의왕 27370 22493 51308 321 27627 31063 60930 546
gyeonggi 구리 29733 22987 54345 386 33732 35878 72309 648
gyeonggi 남양주 105256 76052 186552 1270 133923 127023 270529 2167
gyeonggi 오산 29124 19956 50775 436 43753 35837 83107 790
gyeonggi 화성 131608 99135 237859 1653 151716 136920 299840 2675
gyeonggi 시흥 78325 49247 131442 862 100137 76297 183323 1570
gyeonggi 군포 44416 31274 78026 533 50475 49003 103443 1087
gyeonggi 하남 52241 44182 98931 596 48865 55906 108440 891
gyeonggi 파주 68090 48340 120483 964 89065 78423 174318 1513
gyeonggi 여주 16906 18767 36852 279 13789 19964 35098 337
gyeonggi 이천 33388 32070 67774 620 30174 35656 68364 754
gyeonggi 용인처인 38330 31813 72355 572 41858 43292 88652 841
gyeonggi 용인수지 57562 53324 113483 809 55599 75671 135382 1090
gyeonggi 용인기흥 70483 55232 129045 872 72796 80374 158282 1260
gyeonggi 안성 28554 25993 56554 467 28169 28806 59569 790
gyeonggi 김포 66103 50876 120425 779 87103 85938 179528 1438
gyeonggi 광주 61817 43971 108625 635 68403 61704 134581 1032
gyeonggi 포천 22941 22071 46582 408 21379 25235 48481 497
gyeonggi 연천 6350 7123 14009 216 5663 8202 14540 139
gyeonggi 양평 20707 23090 45030 317 13617 22397 37394 324
gyeonggi 가평 9493 11562 21767 214 7191 12308 20282 249
gangwon 춘천 42702 42856 88935 704 39674 52070 96113 894
gangwon 원주 54682 53237 112245 862 46272 60323 111960 1172
gangwon 강릉 29973 38720 71219 570 24404 41762 69201 734
gangwon 동해 12016 15761 28820 284 10880 15978 28147 264
gangwon 삼척 9522 13043 23375 179 6775 12265 19837 251
gangwon 태백 6556 8405 15417 100 4290 6696 11420 102
gangwon 정선 6170 7118 13800 110 3933 6525 10866 122
gangwon 속초 12084 13657 26708 219 9629 14685 25351 238
gangwon 고성 4218 4929 9508 102 3215 5911 9492 116
gangwon 양양 4211 5694 10269 83 3132 5801 9285 79
gangwon 인제 5268 6185 11970 190 3669 5406 9517 159
gangwon 홍천 10478 12923 24361 218 7940 12928 21873 245
gangwon 횡성 7833 10145 18605 106 4724 8401 13734 180
gangwon 영월 6399 7493 14411 115 4359 7411 12262 137
gangwon 평창 7040 8953 16528 115 4423 7618 12591 119
gangwon 화천 3932 4843 9250 147 2513 4166 7017 80
gangwon 양구 3384 4055 7834 138 2305 3823 6480 77
gangwon 철원 5618 6780 12999 228 5421 8414 14440 179
chungbuk 청주상당 27279 26115 55641 516 28573 33570 65235 806
chungbuk 청주서원 28006 26876 57098 566 28317 34869 66209 853
chungbuk 청주흥덕 35457 32099 70259 635 41483 45853 91702 1087
chungbuk 청주청원 24110 21837 47794 435 32569 33018 68837 770
chungbuk 충주 32506 34697 69636 569 26295 35685 64953 690
chungbuk 제천 20214 22702 44505 376 16228 23780 41789 421
chungbuk 단양 4456 6227 11081 85 2815 5742 8942 85
chungbuk 영동 7627 10522 18840 156 4402 7716 12619 180
chungbuk 보은 5777 7727 14081 131 2980 5027 8389 116
chungbuk 옥천 8325 9999 19107 172 5813 8242 14782 181
chungbuk 음성 15609 14909 31698 305 11091 13791 26004 309
chungbuk 진천 13902 11701 26661 219 11500 12058 24773 279
chungbuk 괴산 6734 9385 16679 132 3570 6510 10485 123
chungbuk 증평 5858 5657 11974 129 4357 5607 10436 114
chungnam 천안서북 50377 42062 95985 812 65176 68079 139751 1606
chungnam 천안동남 33375 31319 67032 536 38476 46420 88991 874
chungnam 공주 16899 18708 36901 275 11573 18631 31350 346
chungnam 보령 15115 18382 34756 344 11092 18037 30276 339
chungnam 아산 42818 36573 82346 698 50444 53425 108764 1119
chungnam 서산 26803 26607 55440 493 21839 28285 52480 577
chungnam 태안 10034 12510 23309 219 6644 11001 18308 192
chungnam 금산 7891 8373 16829 125 6111 9805 16535 210
chungnam 논산 18014 16232 35521 334 15808 19971 37287 370
chungnam 계룡 7374 8187 16156 135 4517 6531 11603 98
chungnam 당진 25273 23529 50585 361 21630 25701 49419 509
chungnam 부여 9911 12404 23157 217 6902 12732 20413 188
chungnam 서천 9224 9718 19590 148 6219 8450 15221 177
chungnam 홍성 14079 15693 30897 241 11781 17888 30974 304
chungnam 청양 4675 6952 12041 94 3013 5980 9346 107
chungnam 예산 9320 14845 25033 213 7584 17253 25817 286
jeonbuk 전주완산 109401 18068 130423 883 79292 17084 99207 934
jeonbuk 전주덕진 101400 16910 121271 735 74445 15821 93133 856
jeonbuk 군산 85744 14775 102731 591 58651 12625 73408 609
jeonbuk 익산 94816 15618 113146 833 59903 12458 74636 695
jeonbuk 정읍 42493 5557 49182 376 20994 3528 25263 271
jeonbuk 남원 33534 4788 39232 291 13936 2375 16827 159
jeonbuk 김제 32796 4425 38027 303 16156 2739 19476 220
jeonbuk 완주 33923 4973 39806 269 18939 3470 23203 203
jeonbuk 진안 11463 1700 13455 124 4174 872 5225 51
jeonbuk 무주 9034 2174 11555 95 4258 1252 5713 66
jeonbuk 장수 9817 1331 11442 92 3747 732 4636 60
jeonbuk 임실 12262 1620 14228 101 4668 796 5652 76
jeonbuk 순창 11901 1487 13716 114 5079 724 5971 78
jeonbuk 고창 22301 2759 25662 224 10699 1576 12669 152
jeonbuk 부안 21495 3050 25144 207 9542 1522 11380 125
jeonnam 목포 84499 9209 95789 612 41291 5727 48400 386
jeonnam 여수 96074 11985 110381 669 65932 10001 77931 636
jeonnam 순천 95336 12541 110345 740 67230 11168 80623 704
jeonnam 나주 47554 5995 54721 384 21440 3517 25710 261
jeonnam 광양 46021 8847 56284 439 35420 6996 43817 336
jeonnam 담양 21338 2303 24216 190 8738 1132 10126 100
jeonnam 장성 20340 2506 23331 160 6792 1060 8096 79
jeonnam 곡성 12862 1669 14961 161 4610 711 5524 71
jeonnam 구례 11080 1530 12896 120 5057 822 6063 53
jeonnam 고흥 27760 3267 31754 293 12706 1853 14937 187
jeonnam 보성 16925 2017 19398 182 8289 1085 9632 111
jeonnam 화순 25206 2630 28447 197 14121 1759 16327 181
jeonnam 장흥 16857 1739 19043 155 6708 816 7776 74
jeonnam 강진 14896 2104 17417 179 6168 906 7269 95
jeonnam 완도 21442 2054 23993 232 9620 1031 10951 124
jeonnam 해남 29052 3126 32939 343 13019 1564 14959 200
jeonnam 진도 12094 1469 13865 123 6598 844 7665 91
jeonnam 영암 22160 2632 25421 251 9749 1460 11563 98
jeonnam 무안 35390 4175 40467 311 17593 2449 20592 182
jeonnam 영광 20743 2689 24077 223 10112 1367 11865 156
jeonnam 함평 14385 1408 16144 141 6082 644 6945 65
jeonnam 신안 19293 2013 21749 182 6290 729 7207 75
gyeongbuk 포항북 22685 62657 87984 643 22368 67801 93622 797
gyeongbuk 포항남 20006 52380 74889 679 18511 54332 75851 765
gyeongbuk 울릉 1084 3018 4219 27 506 1797 2386 21
gyeongbuk 경주 25742 69392 98231 728 17289 53804 74072 728
gyeongbuk 김천 14396 40343 56596 460 7726 28929 38097 422
gyeongbuk 안동 18604 38194 58434 507 12266 33687 47518 491
gyeongbuk 구미 33001 77666 114780 979 34053 96284 135963 1489
gyeongbuk 영주 10943 28472 40513 304 6994 21742 29694 258
gyeongbuk 영천 8528 27174 36861 374 5804 26363 33342 365
gyeongbuk 상주 9067 31504 41844 425 4593 20431 25924 266
gyeongbuk 문경 6682 23115 30718 287 3230 14623 18524 191
gyeongbuk 예천 5975 17861 24578 243 3172 10459 14137 170
gyeongbuk 경산 19977 54973 77448 708 20290 73185 97202 1048
gyeongbuk 청도 3580 12390 16479 128 2074 11646 14188 158
gyeongbuk 고령 2410 9802 12594 126 1442 7662 9452 98
gyeongbuk 성주 3819 15724 20149 180 1956 9251 11581 99
gyeongbuk 칠곡 9003 23874 34077 277 8600 26594 36756 382
gyeongbuk 군위 1747 9305 11344 99 764 5727 6725 71
gyeongbuk 의성 4626 21335 26771 251 1805 9841 12068 155
gyeongbuk 청송 2411 8462 11224 110 1305 5806 7387 68
gyeongbuk 영양 1978 5889 8100 91 877 3079 4101 45
gyeongbuk 영덕 2861 13204 16489 170 1481 7407 9135 103
gyeongbuk 봉화 3567 9611 13613 125 1685 6840 8872 97
gyeongbuk 울진 3960 13888 18350 201 2928 11399 14814 179
gyeongnam 창원의창 24581 33298 60327 536 27708 49616 81263 937
gyeongnam 창원성산 31604 37310 72022 622 35573 55772 96336 1093
gyeongnam 창원마산합포 20133 36379 58507 471 17524 41139 61312 638
gyeongnam 창원마산회원 19939 32769 54736 454 21588 44513 69225 818
gyeongnam 창원진해 24108 30794 57464 768 21782 35504 60330 650
gyeongnam 진주 41313 67797 113484 1045 33662 73636 112276 1433
gyeongnam 통영 14452 22527 38366 302 11935 27245 40970 442
gyeongnam 고성 6237 11372 18308 212 4111 10841 15627 180
gyeongnam 사천 13852 22963 38270 372 9572 21693 32746 384
gyeongnam 김해 71432 66538 143518 1265 78906 93863 181640 2098
gyeongnam 밀양 13036 22176 36549 363 8870 22705 32968 369
gyeongnam 거제 34558 34253 72278 676 29797 37519 71705 822
gyeongnam 의령 3482 7088 10990 144 1914 5537 7807 148
gyeongnam 함안 7458 12585 20899 197 6046 13481 20478 217
gyeongnam 창녕 6691 15017 22462 215 4243 13475 18490 234
gyeongnam 양산 40293 44516 88005 771 51844 72388 130393 1332
gyeongnam 하동 7873 12394 21170 276 3345 6580 10476 167
gyeongnam 남해 6377 10323 17416 185 3766 8180 12492 204
gyeongnam 함양 5613 9947 16211 211 2913 7010 10405 128
gyeongnam 산청 4854 9361 14756 134 2271 7246 9890 133
gyeongnam 거창 7138 14575 22663 224 4825 12679 18282 230
gyeongnam 합천 4500 13064 18223 250 2411 9678 12609 188
jeju 제주 76202 54257 136316 1309 81493 67827 157333 1868
jeju 서귀포 29588 24266 56306 539 25847 26664 55283 695
