합 831896 1270072 2180178 100.0 20046
중 9929 16153 27126 100.0 282
서 25154 41470 69112 100.0 674
동 21558 35081 58750 100.0 576
영도 29565 39058 71046 100.0 650
부산진 89233 133285 231164 100.0 2310
동래 65261 106515 178174 100.0 1594
남 64361 101749 171956 100.0 1601
북 74650 105576 187357 100.0 1768
해운대 92631 156792 257567 100.0 2049
기장 42955 58497 105305 100.0 843
사하 78332 108983 194689 100.0 1911
금정 54772 93283 153664 100.0 1542
강서 36016 44889 83901 100.0 587
연제 51471 81889 138164 100.0 1187
수영 41801 71160 116990 100.0 1027
사상 54207 75692 135213 100.0 1445
