합 455853 511921 1010209 100.0 10440
청주상당 55852 59685 120876 100.0 1322
청주서원 56323 61745 123307 100.0 1419
청주흥덕 76940 77952 161961 100.0 1722
청주청원 56679 54855 116631 100.0 1205
충주 58801 70382 134589 100.0 1259
제천 36442 46482 86294 100.0 797
단양 7271 11969 20023 100.0 170
영동 12029 18238 31459 100.0 336
보은 8757 12754 22470 100.0 247
옥천 14138 18241 33889 100.0 353
음성 26700 28700 57702 100.0 614
진천 25402 23759 51434 100.0 498
괴산 10304 15895 27164 100.0 255
증평 10215 11264 22410 100.0 243
