합 589991 670283 1312113 100.0 12547
천안서북 115553 110141 235736 100.0 2418
천안동남 71851 77739 156023 100.0 1410
공주 28472 37339 68251 100.0 621
보령 26207 36419 65032 100.0 683
아산 93262 89998 191110 100.0 1817
서산 48642 54892 107920 100.0 1070
태안 16678 23511 41617 100.0 411
금산 14002 18178 33364 100.0 335
논산 33822 36203 72808 100.0 704
계룡 11891 14718 27759 100.0 233
당진 46903 49230 100004 100.0 870
부여 16813 25136 43570 100.0 405
서천 15443 18168 34811 100.0 325
홍성 25860 33581 61871 100.0 545
청양 7688 12932 21387 100.0 201
예산 16904 32098 50850 100.0 499
