합 28680 38592 67272 8.92 1598
춘천 1273 1736 3009 2.22 43
원주 305 496 801 0.51 4
강릉 2574 3793 6367 6.34 101
동해 3515 4794 8309 20.17 174
삼척 2338 3732 6070 16.65 181
태백 426 562 988 4.57 42
정선 1854 1954 3808 17.57 70
속초 2429 3497 5926 16.26 107
고성 930 894 1824 11.45 98
양양 767 1358 2125 13.14 65
인제 817 1011 1828 10.30 82
홍천 1641 2562 4203 11.62 88
횡성 2152 3144 5296 19.44 98
영월 1261 2095 3356 15.34 141
평창 2741 2905 5646 22.55 75
화천 573 674 1247 9.36 48
양구 1399 1439 2838 22.82 84
철원 1685 1946 3631 16.60 97
