합 390479 895163 1350039 92.10 29482
창원의창 23932 64960 93625 99.94 1153
창원성산 20554 49516 80084 71.66 764
창원마산합포 19449 58303 80407 97.28 1236
창원마산회원 20049 55275 78023 92.22 1165
창원진해 22170 48869 74024 99.95 1147
진주 40557 101448 147623 96.75 2532
통영 18151 40283 59986 99.94 1221
고성 7918 20130 29318 100.0 988
사천 12887 38414 54021 100.0 1513
김해 57307 83657 146203 72.75 1781
밀양 11458 35657 49232 100.0 1332
거제 32882 51411 88338 90.63 1673
의령 3504 12348 17224 100.0 1005
함안 7689 21759 31100 100.00 976
창녕 6416 24896 33157 100.0 1234
양산 46029 79085 129042 94.68 1995
하동 8093 17699 27768 100.0 1345
남해 8287 16516 25991 100.0 1227
함양 6152 16584 24633 100.0 1387
산청 4982 14644 21001 100.0 926
거창 7534 23781 33307 100.0 1451
합천 4479 19928 25932 100.0 1431
