합 218557 799317 1017874 87.79 30986
포항북 11167 45691 56858 54.89 1216
포항남 17712 60606 78318 88.65 1874
울릉 1217 5270 6487 100.0 308
경주 22324 82397 104721 97.98 2717
김천 7252 32846 40098 61.15 1040
안동 11045 29510 40555 56.15 1295
구미 34582 107989 142571 99.93 1916
영주 11233 38466 49699 91.40 1757
영천 9324 40509 49833 99.96 1860
상주 9916 41906 51822 99.13 2072
문경 7315 31692 39007 99.98 1369
예천 8371 20150 28521 100.0 975
경산 19743 73059 92802 94.87 2138
청도 4559 21609 26168 100.0 1148
고령 3009 13729 16738 100.0 682
성주 4585 21029 25614 100.00 1023
칠곡 8203 27652 35855 87.38 825
군위 3036 11670 14706 88.77 1140
의성 5366 19207 24573 74.40 1421
청송 3509 12682 16191 100.0 655
영양 2394 8563 10957 100.0 575
영덕 3501 17204 20705 100.0 858
봉화 4024 14118 18142 100.0 741
울진 5170 21763 26933 99.98 1381
