합 2332809 2360152 4791105 83.16 49227
수원장안 45768 44591 92014 87.52 937
수원권선 88562 80304 172254 99.99 1602
수원팔달 37937 38931 78425 99.98 858
수원영통 76118 70467 149577 93.75 953
성남수정 53672 49665 105674 99.99 1231
성남중원 49268 41860 93359 99.99 1118
성남분당 83679 117657 205067 82.25 1142
의정부 58589 57194 118439 63.74 1408
안양만안 35628 35847 72747 66.22 793
안양동안 75007 72797 150491 97.28 1124
부천 119208 103028 226985 66.00 2417
광명 53886 47101 102800 74.44 1034
평택 59032 66271 128301 62.43 1669
양주 37200 38326 77238 82.14 944
동두천 17338 20853 39100 99.98 650
안산상록 69374 60156 132359 96.25 1402
안산단원 61946 55657 120241 99.95 1349
고양덕양 94075 88810 187815 78.59 1654
고양일산동 40877 44283 86975 74.67 595
고양일산서 39370 41223 82117 66.22 695
과천 18122 23036 42322 99.97 335
의왕 39379 38870 79804 99.99 762
구리 36305 36843 74492 85.36 791
남양주 129950 126223 260945 88.05 2651
오산 40089 36953 78617 95.50 874
화성 128245 115767 249180 74.68 2275
시흥 81090 66742 150810 78.05 1500
군포 65521 58865 126838 99.78 1155
하남 63115 66921 132245 95.43 1125
파주 82730 78108 164488 88.96 2008
여주 18598 30015 49746 100.0 920
이천 35619 46016 83511 95.61 1336
용인처인 47234 54483 103859 99.98 1276
용인수지 61220 71559 135124 99.98 751
용인기흥 77323 79628 159936 66.76 1127
안성 36502 42153 80540 99.97 1196
김포 80673 87345 171100 88.07 1449
광주 47132 51645 100535 66.74 1017
포천 16172 22430 39603 59.78 911
연천 8541 12886 22189 100.00 611
양평 11493 18733 30998 49.91 662
가평 11222 19910 32245 100.0 920
