합 302706 66580 391753 44.52 19609
목포 30516 5692 38126 40.31 975
여수 47783 9531 59832 55.99 1333
순천 16553 9191 27033 21.68 816
나주 20354 3779 25721 51.19 1434
광양 5696 1656 7808 11.86 401
담양 8543 1593 10770 42.43 523
장성 13902 2733 17635 70.45 1040
곡성 3514 2829 6707 37.57 298
구례 7675 2265 10643 64.74 634
고흥 10055 1885 12854 32.26 1560
보성 8986 2435 12318 55.58 778
화순 18899 3855 24610 79.58 1201
장흥 7941 1417 10193 46.62 650
강진 7666 1583 10068 48.93 670
완도 9742 1017 11275 40.02 653
해남 13370 1964 16410 48.89 823
진도 6058 888 7458 39.30 561
영암 13641 2519 17091 63.01 1016
무안 16354 3094 20354 52.12 1194
영광 16123 3269 21031 70.52 1413
함평 6280 1155 7752 45.06 462
신안 13055 2230 16064 65.26 1174
