합 353034 74674 427708 59.58 16522
전주완산 38932 9151 48083 39.06 911
전주덕진 40767 11248 52015 54.63 942
군산 47515 7582 55097 64.61 1200
익산 37065 8491 45556 44.03 1664
정읍 19646 3323 22969 44.40 1134
남원 29606 5903 35509 83.74 1768
김제 22977 4656 27633 67.65 1235
완주 27614 5919 33533 84.36 1495
진안 7965 1578 9543 60.24 467
무주 10811 3038 13849 90.51 877
장수 11607 2216 13823 100.0 767
임실 9769 2173 11942 71.88 737
순창 5994 1329 7323 42.97 667
고창 22144 3949 26093 79.80 1563
부안 20622 4118 24740 93.96 1095
