합 866431 1234295 2135022 48.29 16530
종로 28324 40142 70009 99.97 641
중 17759 24442 42893 71.89 446
용산 26161 45600 73111 70.25 507
성동 29192 45210 75496 54.46 618
광진 33509 42120 76923 49.39 616
동대문 23442 29185 53450 34.33 439
중랑 46708 56795 104972 59.61 967
성북 39827 46010 87367 43.53 668
강북 29043 31944 61972 46.93 641
도봉 53872 71840 127545 86.74 1186
노원 62277 77978 142557 58.66 1265
은평 62405 73424 138497 64.79 1441
서대문 24748 31144 57010 39.09 441
마포 41772 59259 103335 59.43 696
양천 43476 60558 105616 50.69 677
강서 38736 45525 85656 33.04 561
구로 32471 38176 71769 38.48 616
금천 22671 25152 48713 46.55 549
영등포 41108 65451 108242 60.20 795
동작 32548 40954 74742 40.11 422
관악 33276 32807 67338 29.92 527
서초 26163 71584 98852 51.75 439
강남 41308 116260 159496 66.41 920
송파 31560 57998 90520 29.02 394
강동 4075 4737 8941 4.20 58
